( 228,386 )
( 224,396 )
( 223,414 )
( 228,419 )
( 227,448 )
( 222,447 )
( 222,474 )
( 240,491 )
( 226,503 )
( 224,521 )
( 206,522 )
( 188,528 )
( 165,540 )
( 158,548 )
( 156,557 )
( 154,562 )
( 146,553 )
( 128,554 )
( 109,561 )
( 105,554 )
( 90,551 )
( 90,538 )
( 97,536 )
( 90,533 )
( 90,523 )
( 97,517 )
( 105,518 )
( 113,518 )
( 126,520 )
( 144,518 )
( 161,516 )
( 165,498 )
( 162,491 )
( 144,490 )
( 147,484 )
( 155,474 )
( 155,453 )
( 157,435 )
( 162,428 )
( 165,427 )
( 166,424 )
( 181,424 )
( 191,415 )
( 197,407 )
( 200,401 )
( 212,396 )
( 225,388 )
