( 820,369 )
( 832,373 )
( 842,381 )
( 874,383 )
( 884,383 )
( 885,404 )
( 886,414 )
( 888,423 )
( 890,435 )
( 899,447 )
( 907,457 )
( 916,463 )
( 920,471 )
( 931,468 )
( 933,486 )
( 938,505 )
( 938,531 )
( 940,556 )
( 947,571 )
( 954,579 )
( 966,583 )
( 969,585 )
( 969,595 )
( 923,598 )
( 909,589 )
( 898,594 )
( 891,598 )
( 877,596 )
( 874,588 )
( 867,589 )
( 864,591 )
( 861,583 )
( 856,580 )
( 854,576 )
( 848,573 )
( 850,568 )
( 848,564 )
( 848,554 )
( 844,553 )
( 837,551 )
( 838,503 )
( 816,501 )
( 820,374 )
