( 425,379 )
( 444,360 )
( 452,350 )
( 451,343 )
( 463,333 )
( 467,332 )
( 472,330 )
( 478,329 )
( 490,317 )
( 502,304 )
( 510,303 )
( 517,299 )
( 525,299 )
( 530,294 )
( 542,293 )
( 545,290 )
( 562,289 )
( 570,285 )
( 578,282 )
( 589,280 )
( 602,277 )
( 612,276 )
( 614,272 )
( 621,274 )
( 626,272 )
( 636,266 )
( 643,266 )
( 650,267 )
( 659,275 )
( 666,274 )
( 677,275 )
( 684,277 )
( 692,278 )
( 703,282 )
( 708,282 )
( 715,277 )
( 731,273 )
( 732,270 )
( 725,271 )
( 714,271 )
( 720,265 )
( 725,259 )
( 731,254 )
( 738,249 )
( 750,247 )
( 758,245 )
( 766,244 )
( 771,248 )
( 777,248 )
( 783,252 )
( 787,254 )
( 790,256 )
( 791,261 )
( 796,262 )
( 798,258 )
( 806,262 )
( 797,269 )
( 792,273 )
( 794,278 )
( 805,281 )
( 804,291 )
( 805,297 )
( 803,314 )
( 794,319 )
( 788,319 )
( 779,324 )
( 772,333 )
( 763,354 )
( 746,374 )
( 727,376 )
( 718,373 )
( 710,379 )
( 701,385 )
( 664,366 )
( 653,359 )
( 648,355 )
( 568,356 )
( 555,363 )
( 541,367 )
( 527,371 )
( 510,379 )
( 500,382 )
( 491,386 )
( 479,389 )
( 441,383 )
