( 506,99 )
( 500,81 )
( 427,113 )
( 432,131 )
( 391,146 )
( 414,164 )
( 419,170 )
( 425,173 )
( 437,169 )
( 433,178 )
( 431,184 )
( 433,191 )
( 403,189 )
( 404,178 )
( 395,182 )
( 386,189 )
( 393,192 )
( 401,200 )
( 402,216 )
( 393,228 )
( 382,226 )
( 361,224 )
( 358,231 )
( 353,230 )
( 353,245 )
( 358,259 )
( 370,260 )
( 402,251 )
( 408,254 )
( 413,258 )
( 424,258 )
( 429,262 )
( 439,262 )
( 449,258 )
( 451,256 )
( 448,236 )
( 433,236 )
( 460,218 )
( 460,200 )
( 465,187 )
( 467,188 )
( 468,205 )
( 471,208 )
( 478,210 )
( 485,220 )
( 488,219 )
( 495,215 )
( 481,182 )
( 487,176 )
( 495,173 )
( 486,162 )
( 492,158 )
( 504,155 )
( 502,148 )
( 498,139 )
( 506,134 )
( 514,131 )
( 496,104 )
( 497,102 )
( 503,99 )
